1789201693.118606163 13000000
1789201693.222824256 145000000
1789201693.326344389 211000000
1789201693.429438610 223000000
1789201693.533228423 208000000
1789201693.637462216 218000000
1789201693.741595649 208000000
1789201693.844528451 198000000
1789201693.947482942 209000000
1789201694.050557444 211000000
1789201694.153392255 221000000
1789201694.256325157 208000000
1789201694.359302888 210000000
1789201694.462527780 209000000
1789201694.565747222 213000000
1789201694.668617033 208000000
1789201694.771622485 208000000
1789201694.874650037 195000000
1789201694.977899699 146000000
1789201695.081586401 135000000
1789201695.184616093 132000000
1789201695.287653424 137000000
1789201695.390623416 133000000
1789201695.493738758 136000000
1789201695.596741679 150000000
1789201695.699780341 139000000
1789201695.803552514 135000000
1789201695.906499595 143000000
1789201696.009491557 133000000
1789201696.112467518 151000000
1789201696.215348800 132000000
1789201696.318353691 141000000
1789201696.421375503 135000000
1789201696.524658385 161000000
1789201696.627601567 144000000
1789201696.730503468 145000000
1789201696.833515990 133000000
1789201696.936710312 134000000
1789201697.039835963 129000000
1789201697.143141715 132000000
1789201697.246591648 128000000
1789201697.349640059 140000000
1789201697.452792781 136000000
1789201697.555763813 141000000
1789201697.658821584 133000000
1789201697.762021246 140000000
1789201697.866557860 140000000
1789201697.969719982 135000000
1789201698.072890693 134000000
1789201698.176785156 138000000
1789201698.279788378 145000000
1789201698.383808321 136000000
1789201698.487616904 136000000
1789201698.590639115 131000000
1789201698.693573657 134000000
1789201698.796575368 139000000
1789201698.899432760 135000000
1789201699.002542772 138000000
1789201699.105535543 134000000
1789201699.208451285 136000000
1789201699.311910197 135000000
1789201699.414864229 145000000
1789201699.517755450 130000000
1789201699.620672342 127000000
1789201699.723733413 132000000
1789201699.826977015 137000000
1789201699.930007397 143000000
1789201700.033915210 142000000
1789201700.136884921 152000000
1789201700.239831023 141000000
1789201700.342808425 140000000
1789201700.445855346 141000000
1789201700.549003258 133000000
1789201700.652143520 141000000
1789201700.756282523 137000000
1789201700.860200966 138000000
1789201700.963886018 142000000
1789201701.067022940 136000000
1789201701.171009413 135000000
1789201701.273935585 134000000
1789201701.377047877 133000000
1789201701.480857099 145000000
1789201701.584222232 90000000
1789201701.688189264 143000000
1789201701.791523627 138000000
1789201701.896060630 139000000
1789201701.999675123 139000000
1789201702.102937015 132000000
1789201702.205881946 140000000
1789201702.308837218 139000000
1789201702.411989270 135000000
1789201702.514912621 128000000
1789201702.618143103 136000000
1789201702.721961336 139000000
1789201702.825442418 136000000
1789201702.929196401 142000000
1789201703.032910863 135000000
1789201703.135839795 130000000
1789201703.238893577 131000000
1789201703.342106289 132000000
