1789201504.339720012 14000000
1789201504.444943693 216000000
1789201504.548096353 215000000
1789201504.651099732 227000000
1789201504.754453782 211000000
1789201504.857705772 221000000
1789201504.961674962 210000000
1789201505.065056202 210000000
1789201505.168491461 218000000
1789201505.271361951 210000000
1789201505.374621540 208000000
1789201505.477650139 210000000
1789201505.580554908 229000000
1789201505.683629958 210000000
1789201505.786610287 228000000
1789201505.890643708 209000000
1789201505.994417808 209000000
1789201506.097409107 179000000
1789201506.200773627 140000000
1789201506.304296117 140000000
1789201506.407220206 138000000
1789201506.510333965 140000000
1789201506.613524695 143000000
1789201506.716501184 131000000
1789201506.819602843 158000000
1789201506.922523773 139000000
1789201507.025542432 140000000
1789201507.129504062 164000000
1789201507.232404402 139000000
1789201507.335349201 146000000
1789201507.438779051 136000000
1789201507.542945471 143000000
1789201507.646563651 148000000
1789201507.749742201 155000000
1789201507.852714720 140000000
1789201507.955796890 139000000
1789201508.059617150 140000000
1789201508.162995490 141000000
1789201508.266783930 137000000
1789201508.371727932 144000000
1789201508.476157783 134000000
1789201508.579957423 150000000
1789201508.685496226 137000000
1789201508.790629418 136000000
1789201508.894210288 141000000
1789201508.998286948 137000000
1789201509.101621468 149000000
1789201509.205278788 137000000
1789201509.308879508 122000000
1789201509.413076549 137000000
1789201509.517451880 131000000
1789201509.621237720 133000000
1789201509.725428021 143000000
1789201509.829060101 139000000
1789201509.932879152 139000000
1789201510.038177604 135000000
1789201510.142196034 139000000
1789201510.246350125 140000000
1789201510.350098385 140000000
1789201510.455421248 139000000
1789201510.559407488 139000000
1789201510.663049068 140000000
1789201510.766925739 142000000
1789201510.870816869 137000000
1789201510.974866770 140000000
1789201511.078978801 146000000
1789201511.182767511 143000000
1789201511.286074481 144000000
1789201511.390025221 135000000
1789201511.493807712 148000000
1789201511.596987861 145000000
1789201511.702100963 142000000
1789201511.805942544 143000000
1789201511.909929154 136000000
1789201512.014167285 148000000
1789201512.117723775 146000000
1789201512.221962316 139000000
1789201512.326355617 146000000
1789201512.429746487 142000000
1789201512.532901866 139000000
1789201512.635787616 141000000
1789201512.738559775 139000000
1789201512.841761304 146000000
1789201512.945018794 134000000
1789201513.049071345 134000000
1789201513.154081737 139000000
1789201513.257756867 140000000
1789201513.360867126 143000000
1789201513.463888476 152000000
1789201513.566850765 146000000
1789201513.669705284 138000000
1789201513.772844554 143000000
1789201513.875907533 141000000
1789201513.979163603 146000000
1789201514.082868103 133000000
1789201514.186024063 148000000
1789201514.289793963 147000000
1789201514.392963703 143000000
1789201514.496613133 134000000
1789201514.599687002 143000000
