1789203403.804616382 31000000
1789203403.908149389 152000000
1789203404.012200186 217000000
1789203404.116028282 233000000
1789203404.219221008 213000000
1789203404.323966276 208000000
1789203404.428185943 210000000
1789203404.532828751 209000000
1789203404.636078897 210000000
1789203404.740006614 205000000
1789203404.844520792 210000000
1789203404.948098308 210000000
1789203405.052174335 208000000
1789203405.156090952 209000000
1789203405.259839439 169000000
1789203405.363008744 129000000
1789203405.466069710 133000000
1789203405.569113986 135000000
1789203405.672904503 136000000
1789203405.776191369 133000000
1789203405.880086506 135000000
1789203405.983259712 135000000
1789203406.087260219 134000000
1789203406.192000987 130000000
1789203406.295380073 138000000
1789203406.399244070 130000000
1789203406.503133697 133000000
1789203406.607227234 123000000
1789203406.711095951 137000000
1789203406.814137916 135000000
1789203406.917805923 134000000
1789203407.021307719 129000000
1789203407.124969116 127000000
1789203407.228135102 134000000
1789203407.331283818 129000000
1789203407.434970214 132000000
1789203407.538283771 130000000
1789203407.642036317 130000000
1789203407.745286123 133000000
1789203407.848992420 132000000
1789203407.952232506 131000000
1789203408.056188113 154000000
1789203408.159370039 133000000
1789203408.263098586 133000000
1789203408.366310822 133000000
1789203408.470629899 133000000
1789203408.574097045 134000000
1789203408.677369552 130000000
1789203408.780963518 135000000
1789203408.884056924 132000000
1789203408.987223440 136000000
1789203409.091038827 136000000
1789203409.194268713 139000000
1789203409.297966430 138000000
1789203409.400967195 136000000
1789203409.503987411 134000000
1789203409.607176717 125000000
1789203409.710220803 127000000
1789203409.813354219 133000000
1789203409.917107016 134000000
1789203410.020244392 137000000
1789203410.123395358 136000000
1789203410.227205935 137000000
1789203410.330414851 132000000
1789203410.434182357 133000000
1789203410.537364223 135000000
1789203410.641321180 129000000
1789203410.745321378 139000000
1789203410.849473995 128000000
1789203410.953237492 138000000
1789203411.057590949 135000000
1789203411.161473216 130000000
1789203411.264968702 135000000
1789203411.368525969 117000000
1789203411.472164355 127000000
1789203411.575329482 134000000
1789203411.679101368 133000000
1789203411.782433354 134000000
1789203411.886524332 136000000
1789203411.990247008 136000000
1789203412.093811075 134000000
1789203412.197504662 135000000
1789203412.301266838 137000000
1789203412.404570605 132000000
1789203412.508531612 138000000
1789203412.612479859 134000000
1789203412.716182365 140000000
1789203412.819386842 130000000
1789203412.923505859 130000000
1789203413.027414066 132000000
1789203413.131301313 133000000
1789203413.234307349 131000000
1789203413.337473955 136000000
1789203413.441187401 134000000
1789203413.544448897 133000000
1789203413.648276904 137000000
