1789204981.477867029 26000000
1789204981.582371874 152000000
1789204981.685233527 216000000
1789204981.788920411 223000000
1789204981.892228284 211000000
1789204981.996753599 213000000
1789204982.100507703 211000000
1789204982.204255267 210000000
1789204982.307431300 215000000
1789204982.411446425 209000000
1789204982.514639388 208000000
1789204982.618407432 209000000
1789204982.721356565 209000000
1789204982.824369158 222000000
1789204982.927326751 209000000
1789204983.030303544 213000000
1789204983.133380477 211000000
1789204983.236437580 199000000
1789204983.339581083 182000000
1789204983.443834868 161000000
1789204983.547969432 186000000
1789204983.651996526 175000000
1789204983.755698780 170000000
1789204983.859429894 184000000
1789204983.962915448 172000000
1789204984.066074821 176000000
1789204984.169402835 203000000
1789204984.273360689 172000000
1789204984.376468732 172000000
1789204984.479686735 189000000
1789204984.583779490 169000000
1789204984.687082063 177000000
1789204984.790090606 188000000
1789204984.893567900 178000000
1789204984.996407502 176000000
1789204985.099428385 187000000
1789204985.202702719 172000000
1789204985.306599293 164000000
1789204985.410686347 186000000
1789204985.514725801 172000000
1789204985.618618936 176000000
1789204985.722294090 180000000
1789204985.825561003 177000000
1789204985.929776967 177000000
1789204986.033421071 181000000
1789204986.136530194 175000000
1789204986.239541317 180000000
1789204986.342904341 183000000
1789204986.446689505 177000000
1789204986.550736609 180000000
1789204986.654305293 182000000
1789204986.758552238 172000000
1789204986.861574181 179000000
1789204986.964505023 179000000
1789204987.067549616 174000000
1789204987.170431959 184000000
1789204987.273693293 179000000
1789204987.377705377 171000000
1789204987.481786451 152000000
1789204987.588203759 177000000
1789204987.691446042 172000000
1789204987.794696815 185000000
1789204987.899036900 175000000
1789204988.002985114 170000000
1789204988.107606039 188000000
1789204988.210897153 175000000
