1789205395.938983924 160000000
1789205396.042573585 178000000
1789205396.146202606 216000000
1789205396.249450646 144000000
1789205396.352904667 209000000
1789205396.456437218 211000000
1789205396.560613640 209000000
1789205396.664012920 215000000
1789205396.767090270 209000000
1789205396.870042409 210000000
1789205396.973137369 194000000
1789205397.076164538 211000000
1789205397.179012167 210000000
1789205397.282347248 229000000
1789205397.386301059 209000000
1789205397.489374869 233000000
1789205397.592356388 210000000
1789205397.696497120 203000000
1789205397.800134271 212000000
1789205397.903262041 194000000
1789205398.006269250 197000000
1789205398.109477680 193000000
1789205398.212944830 200000000
1789205398.316330820 205000000
1789205398.419430599 194000000
1789205398.525221495 193000000
1789205398.628345044 192000000
1789205398.732385006 200000000
1789205398.836099677 200000000
1789205398.939280216 202000000
1789205399.042994917 193000000
1789205399.145954236 193000000
1789205399.249249176 196000000
1789205399.352197245 203000000
1789205399.455296194 197000000
1789205399.558214013 195000000
1789205399.661278662 194000000
1789205399.764270471 193000000
1789205399.867116240 200000000
1789205399.970073279 172000000
1789205400.073470558 192000000
1789205400.178070171 193000000
1789205400.281415181 186000000
1789205400.384331630 197000000
1789205400.487491679 194000000
1789205400.592835293 194000000
1789205400.696187343 193000000
1789205400.799248882 192000000
1789205400.902328561 195000000
1789205401.005394600 190000000
1789205401.108609129 203000000
1789205401.213154201 192000000
1789205401.317303733 195000000
1789205401.420554212 193000000
1789205401.524686543 191000000
1789205401.628369373 199000000
1789205401.731458422 193000000
