1789202701.135539628 62000000
1789202701.240484827 156000000
1789202701.344165624 217000000
1789202701.447396280 239000000
1789202701.550289796 210000000
1789202701.653398492 209000000
1789202701.756523479 208000000
1789202701.861048947 210000000
1789202701.964078623 211000000
1789202702.067304549 210000000
1789202702.170308816 208000000
1789202702.273153711 209000000
1789202702.376377578 211000000
1789202702.479455234 210000000
1789202702.583250901 174000000
1789202702.685914617 106000000
1789202702.789532144 109000000
1789202702.893092611 108000000
1789202702.996053777 110000000
1789202703.099435283 110000000
1789202703.202266899 106000000
1789202703.305401815 105000000
1789202703.408295401 107000000
1789202703.511255707 107000000
1789202703.614164134 99000000
1789202703.717588940 97000000
1789202703.821251947 103000000
1789202703.924154323 94000000
1789202704.027135179 103000000
1789202704.130030765 107000000
1789202704.233428122 107000000
1789202704.336310328 106000000
1789202704.439466904 115000000
1789202704.543274501 108000000
1789202704.646176517 109000000
1789202704.749212513 110000000
1789202704.852135649 109000000
1789202704.955320946 109000000
1789202705.058165432 106000000
1789202705.160978448 107000000
1789202705.264569284 105000000
1789202705.367345570 110000000
1789202705.470333186 100000000
1789202705.574104373 109000000
1789202705.677922521 111000000
1789202705.781943618 107000000
1789202705.885627535 103000000
1789202705.988822031 108000000
1789202706.092307918 106000000
1789202706.195498445 106000000
1789202706.298457491 108000000
1789202706.401490227 104000000
1789202706.504479513 104000000
1789202706.607565839 106000000
1789202706.710732855 107000000
1789202706.814310642 104000000
1789202706.917688629 100000000
1789202707.021645976 108000000
1789202707.124572992 109000000
1789202707.227500928 105000000
1789202707.330590324 108000000
1789202707.434617332 104000000
1789202707.537764268 108000000
1789202707.641801996 108000000
1789202707.745489223 113000000
1789202707.848608449 108000000
1789202707.951746455 95000000
1789202708.054694441 108000000
1789202708.157627537 107000000
1789202708.260388863 105000000
1789202708.363284439 104000000
1789202708.467148786 106000000
1789202708.570976524 101000000
1789202708.675197721 105000000
1789202708.779334549 104000000
1789202708.882487045 107000000
1789202708.985602472 107000000
1789202709.088895228 106000000
1789202709.193364836 105000000
1789202709.298681905 107000000
1789202709.401784932 106000000
1789202709.505002728 106000000
1789202709.608932045 104000000
1789202709.713106073 108000000
1789202709.816695040 107000000
1789202709.919825926 106000000
1789202710.022955232 102000000
1789202710.126662059 109000000
1789202710.229976786 108000000
1789202710.333418163 103000000
1789202710.437380760 105000000
1789202710.541887238 105000000
1789202710.644969875 110000000
1789202710.748632851 118000000
1789202710.851663798 107000000
1789202710.954681054 105000000
1789202711.058061150 108000000
1789202711.161472347 107000000
1789202711.264454993 108000000
1789202711.367385549 108000000
1789202711.470645666 100000000
1789202711.573700232 107000000
1789202711.676753528 105000000
1789202711.779996484 104000000
1789202711.883870442 103000000
1789202711.987883489 100000000
1789202712.090882765 105000000
1789202712.193808791 109000000
1789202712.296707377 107000000
1789202712.399976984 99000000
1789202712.503383300 104000000
1789202712.608115619 105000000
1789202712.711775186 110000000
1789202712.814919742 106000000
1789202712.918074468 105000000
1789202713.021526245 101000000
1789202713.124827252 106000000
1789202713.227954978 105000000
1789202713.331109724 106000000
1789202713.434543841 106000000
1789202713.537872337 106000000
1789202713.640829014 105000000
1789202713.744092740 108000000
1789202713.847674317 106000000
1789202713.950821063 107000000
1789202714.053775399 109000000
1789202714.156702015 108000000
1789202714.259781472 108000000
1789202714.362785228 105000000
1789202714.465866544 103000000
1789202714.569079040 108000000
1789202714.672880227 111000000
1789202714.776118504 106000000
1789202714.880216071 107000000
1789202714.985053000 97000000
1789202715.088819467 107000000
1789202715.192534404 107000000
1789202715.295554720 107000000
1789202715.398480296 105000000
1789202715.501502043 116000000
1789202715.604687449 106000000
1789202715.707656245 111000000
1789202715.811120102 106000000
1789202715.915007909 104000000
1789202716.017995925 110000000
1789202716.121180032 107000000
1789202716.224796458 103000000
1789202716.327712435 108000000
1789202716.430594240 108000000
1789202716.534049987 111000000
1789202716.636994093 105000000
1789202716.740393950 104000000
1789202716.843707406 107000000
1789202716.946795563 108000000
1789202717.049922619 110000000
1789202717.152963475 108000000
1789202717.256320762 102000000
1789202717.359911239 105000000
1789202717.463215155 105000000
