1789207508.324509683 50000000
1789207508.428818034 157000000
1789207508.532271323 222000000
1789207508.635423142 233000000
1789207508.738563560 204000000
1789207508.841863129 209000000
1789207508.945954840 210000000
1789207509.049791779 212000000
1789207509.155078942 204000000
1789207509.258499581 208000000
1789207509.362931962 210000000
1789207509.466643372 211000000
1789207509.570771382 210000000
1789207509.674501692 210000000
1789207509.777578900 201000000
1789207509.880689979 214000000
1789207509.984331798 205000000
1789207510.087301186 210000000
1789207510.190725835 127000000
1789207510.295019756 207000000
1789207510.398533525 224000000
1789207510.501537333 196000000
1789207510.604629872 217000000
1789207510.707789120 224000000
1789207510.811461550 201000000
1789207510.914852799 211000000
1789207511.018673019 232000000
1789207511.123285360 205000000
1789207511.228597172 188000000
1789207511.333384354 216000000
1789207511.437841505 209000000
1789207511.541480124 201000000
1789207511.644596602 216000000
1789207511.747631091 216000000
1789207511.850747949 207000000
1789207511.957082494 214000000
1789207512.060875603 188000000
1789207512.165397904 218000000
1789207512.270082156 209000000
1789207512.373745295 201000000
1789207512.476857053 202000000
1789207512.580579733 205000000
1789207512.684096322 208000000
1789207512.787970412 211000000
1789207512.891943881 210000000
1789207512.996363322 205000000
1789207513.100243272 208000000
1789207513.203649541 168000000
