1789201887.701889479 69000000
1789201887.806151824 153000000
1789201887.909923048 224000000
1789201888.012877701 236000000
1789201888.115667624 212000000
1789201888.218926438 209000000
1789201888.321800271 208000000
1789201888.424927234 208000000
1789201888.527818907 215000000
1789201888.630911841 212000000
1789201888.733841764 210000000
1789201888.836900117 208000000
1789201888.940149071 211000000
1789201889.042928114 229000000
1789201889.145746707 208000000
1789201889.249759441 208000000
1789201889.353000895 209000000
1789201889.455922318 194000000
1789201889.558822911 137000000
1789201889.661792104 136000000
1789201889.764843638 138000000
1789201889.867878461 139000000
1789201889.970843044 135000000
1789201890.075389759 136000000
1789201890.178913923 137000000
1789201890.281943567 134000000
1789201890.384940760 140000000
1789201890.488000793 135000000
1789201890.591232807 142000000
1789201890.694918071 139000000
1789201890.798100394 138000000
1789201890.901144728 139000000
1789201891.004294781 136000000
1789201891.107953375 133000000
1789201891.211156619 138000000
1789201891.314251012 134000000
1789201891.418094117 138000000
1789201891.521065480 144000000
1789201891.625259965 137000000
1789201891.729017679 138000000
1789201891.831997392 138000000
1789201891.935116116 136000000
1789201892.038245099 147000000
1789201892.141949803 139000000
1789201892.245165057 137000000
1789201892.348115360 137000000
1789201892.451190394 136000000
1789201892.554299747 145000000
1789201892.658031871 139000000
1789201892.760970944 138000000
1789201892.863909287 138000000
1789201892.966979581 136000000
1789201893.069846394 140000000
1789201893.173076188 137000000
1789201893.275992541 139000000
1789201893.379487705 122000000
1789201893.482910439 136000000
1789201893.586226622 135000000
1789201893.689441646 136000000
1789201893.793267860 134000000
1789201893.897200784 141000000
1789201894.001182129 137000000
1789201894.104309903 135000000
1789201894.207162586 134000000
1789201894.309980869 143000000
1789201894.412983312 138000000
1789201894.516099235 136000000
1789201894.619191649 138000000
1789201894.723012523 138000000
1789201894.826426637 138000000
1789201894.930111061 135000000
1789201895.033199385 138000000
1789201895.136194068 142000000
1789201895.239080511 137000000
1789201895.342075464 140000000
1789201895.445253518 134000000
1789201895.548444401 110000000
1789201895.651930555 140000000
1789201895.755947980 139000000
1789201895.859086613 138000000
1789201895.962023497 141000000
1789201896.064880790 137000000
1789201896.167877413 136000000
1789201896.271322217 142000000
1789201896.374203350 130000000
1789201896.477024213 141000000
1789201896.580205437 132000000
1789201896.683323990 142000000
1789201896.786200993 139000000
1789201896.889204597 138000000
1789201896.992052880 135000000
1789201897.094996683 134000000
1789201897.198059556 139000000
1789201897.300988180 139000000
1789201897.404003253 138000000
1789201897.507275077 136000000
1789201897.610192520 138000000
1789201897.713203993 141000000
1789201897.816161186 130000000
1789201897.919106980 140000000
1789201898.022212883 135000000
1789201898.125061016 135000000
