1789198597.770984653 95000000
1789198597.875515842 157000000
1789198597.978792080 208000000
1789198598.082300757 231000000
1789198598.186077546 222000000
1789198598.289359833 201000000
1789198598.393260752 210000000
1789198598.497457450 210000000
1789198598.601590549 221000000
1789198598.705299727 210000000
1789198598.809328846 207000000
1789198598.913431405 210000000
1789198599.017720304 211000000
1789198599.122362763 209000000
1789198599.226936773 208000000
1789198599.331241111 217000000
1789198599.434190829 208000000
1789198599.537120976 208000000
1789198599.640166803 177000000
1789198599.743285030 155000000
1789198599.847281389 155000000
1789198599.950085185 155000000
1789198600.053291083 154000000
1789198600.156188540 153000000
1789198600.260030808 151000000
1789198600.363111155 149000000
1789198600.466330153 159000000
1789198600.569186660 160000000
1789198600.672236457 155000000
1789198600.775387044 153000000
1789198600.878381581 147000000
1789198600.982314320 153000000
1789198601.085552297 151000000
1789198601.189569936 150000000
1789198601.294760506 154000000
1789198601.398210274 154000000
1789198601.501334991 152000000
1789198601.604452498 157000000
1789198601.708081386 154000000
1789198601.811415374 153000000
1789198601.914915132 148000000
1789198602.018017899 158000000
1789198602.121049506 157000000
1789198602.224006423 148000000
1789198602.327453821 154000000
1789198602.431335489 151000000
1789198602.534067336 157000000
1789198602.637584044 147000000
1789198602.741638422 153000000
1789198602.845348550 154000000
1789198602.948390267 149000000
1789198603.052390776 150000000
1789198603.156491665 156000000
1789198603.259336011 147000000
1789198603.362315028 155000000
1789198603.465243065 155000000
1789198603.568222662 143000000
1789198603.671544830 151000000
1789198603.775837899 161000000
1789198603.879359177 158000000
1789198603.982112713 154000000
1789198604.085295421 161000000
1789198604.188316958 149000000
1789198604.291178245 153000000
1789198604.393973311 152000000
1789198604.497344709 155000000
1789198604.600247146 157000000
1789198604.703400183 154000000
1789198604.806787591 155000000
1789198604.910085688 145000000
1789198605.013470856 151000000
1789198605.116399833 150000000
1789198605.219779010 151000000
1789198605.323451058 155000000
1789198605.426357305 163000000
1789198605.529485752 152000000
1789198605.632273759 151000000
1789198605.735302416 150000000
1789198605.838396673 156000000
1789198605.941639851 147000000
1789198606.045200309 152000000
1789198606.148388656 156000000
1789198606.251401443 151000000
1789198606.354501920 152000000
1789198606.457707158 151000000
1789198606.561518336 155000000
1789198606.664400963 157000000
1789198606.767341160 155000000
1789198606.870693807 157000000
1789198606.973488854 149000000
1789198607.076437441 154000000
1789198607.179637728 154000000
1789198607.282838405 151000000
1789198607.386666614 156000000
1789198607.489859911 152000000
1789198607.594074720 164000000
1789198607.697598857 149000000
1789198607.800601184 151000000
1789198607.903595411 155000000
1789198608.006522848 153000000
1789198608.109774056 159000000
1789198608.213668064 154000000
1789198608.316667211 156000000
1789198608.419783228 154000000
1789198608.523821887 153000000
1789198608.627572875 151000000
1789198608.730875142 153000000
1789198608.834204989 156000000
1789198608.937656027 153000000
1789198609.040634014 153000000
1789198609.143686781 151000000
1789198609.246724528 158000000
1789198609.349637805 150000000
1789198609.452482172 158000000
1789198609.555756789 153000000
1789198609.658929166 147000000
1789198609.763844896 154000000
1789198609.867748564 156000000
1789198609.970613281 151000000
1789198610.073584588 152000000
1789198610.176687235 147000000
1789198610.279528442 153000000
1789198610.382693659 150000000
1789198610.485414636 150000000
1789198610.588949753 153000000
1789198610.692657901 149000000
1789198610.796012189 150000000
1789198610.899952367 149000000
1789198611.003869916 147000000
1789198611.107729194 173000000
1789198611.211059131 153000000
1789198611.315174430 154000000
1789198611.418867228 154000000
1789198611.522811126 150000000
1789198611.625953503 148000000
1789198611.730062151 151000000
1789198611.834008760 153000000
1789198611.938107058 156000000
1789198612.041674846 147000000
1789198612.144915854 153000000
1789198612.248829152 153000000
1789198612.352048039 148000000
1789198612.456728108 148000000
1789198612.559742235 151000000
1789198612.662928072 156000000
1789198612.765868189 155000000
1789198612.869742368 152000000
1789198612.972644224 156000000
1789198613.075473441 152000000
1789198613.178744068 153000000
1789198613.281812755 148000000
1789198613.384850572 156000000
1789198613.487779499 154000000
1789198613.591820408 158000000
1789198613.694891065 152000000
1789198613.798035862 158000000
1789198613.901709950 151000000
1789198614.004725587 155000000
1789198614.107754794 151000000
1789198614.210908961 150000000
1789198614.313842787 150000000
1789198614.416795604 154000000
1789198614.519785001 153000000
