1789203745.512040403 32000000
1789203745.615591843 161000000
1789203745.720167184 218000000
1789203745.823400324 232000000
1789203745.926899064 211000000
1789203746.031637206 209000000
1789203746.134913246 210000000
1789203746.238190725 209000000
1789203746.341002595 210000000
1789203746.443957874 210000000
1789203746.547063564 210000000
1789203746.650113613 208000000
1789203746.753208743 210000000
1789203746.856766693 191000000
1789203746.960241743 201000000
1789203747.063178332 213000000
1789203747.166091912 182000000
1789203747.268994081 213000000
1789203747.371934880 213000000
1789203747.474726579 204000000
1789203747.577308988 213000000
1789203747.680008017 205000000
1789203747.782888017 207000000
1789203747.886046856 218000000
1789203747.988999346 206000000
1789203748.092169915 199000000
1789203748.196588807 211000000
1789203748.299899956 209000000
1789203748.402840596 206000000
1789203748.506020745 222000000
1789203748.609191605 210000000
1789203748.711913864 200000000
1789203748.815055764 204000000
1789203748.918001553 216000000
1789203749.021180073 228000000
1789203749.124177722 198000000
1789203749.228778674 216000000
1789203749.331926864 211000000
1789203749.434910353 202000000
1789203749.538107323 204000000
1789203749.641250012 211000000
1789203749.744299312 205000000
1789203749.847335301 213000000
1789203749.950326451 203000000
1789203750.053183090 210000000
