1789201152.197086775 61000000
1789201152.300912488 154000000
1789201152.404761371 214000000
1789201152.508729434 222000000
1789201152.612344616 218000000
1789201152.715526598 214000000
1789201152.818534120 209000000
1789201152.921586522 210000000
1789201153.024522043 190000000
1789201153.127845175 209000000
1789201153.231336578 208000000
1789201153.334843440 209000000
1789201153.438399152 210000000
1789201153.541540344 227000000
1789201153.644729976 190000000
1789201153.748751169 211000000
1789201153.851633431 209000000
1789201153.954887643 193000000
1789201154.058538325 142000000
1789201154.161579047 137000000
1789201154.264524599 142000000
1789201154.367820181 136000000
1789201154.471546304 130000000
1789201154.574663566 136000000
1789201154.677957098 137000000
1789201154.781484540 126000000
1789201154.884379332 138000000
1789201154.987842164 141000000
1789201155.092012737 130000000
1789201155.195708990 132000000
1789201155.298514842 141000000
1789201155.401420593 138000000
1789201155.504597245 137000000
1789201155.607915868 138000000
1789201155.711752190 134000000
1789201155.814713932 137000000
1789201155.918851065 137000000
1789201156.021732897 134000000
1789201156.124849149 134000000
1789201156.228375181 134000000
1789201156.331257943 135000000
1789201156.434557795 134000000
1789201156.537584987 140000000
1789201156.640421139 130000000
1789201156.743470361 136000000
1789201156.846362812 139000000
1789201156.949912065 133000000
1789201157.053730998 126000000
1789201157.156767069 135000000
1789201157.259644941 149000000
1789201157.362911133 139000000
1789201157.466023995 129000000
1789201157.569547808 141000000
1789201157.672609440 129000000
1789201157.775676882 131000000
1789201157.878835224 135000000
1789201157.982617127 135000000
1789201158.085882529 127000000
1789201158.189805062 138000000
1789201158.292663783 138000000
1789201158.395992816 141000000
1789201158.499842529 138000000
1789201158.602941691 139000000
1789201158.706016083 143000000
1789201158.809678585 138000000
1789201158.913048348 138000000
1789201159.016658130 135000000
1789201159.119909002 134000000
1789201159.222998964 139000000
1789201159.326894178 130000000
1789201159.430028290 131000000
1789201159.533780252 142000000
1789201159.636848404 142000000
1789201159.739911426 142000000
1789201159.842873618 131000000
1789201159.945804360 131000000
1789201160.048659152 137000000
1789201160.151827884 142000000
1789201160.255073196 139000000
1789201160.359018939 137000000
1789201160.462767412 141000000
1789201160.565709434 115000000
1789201160.668649806 139000000
1789201160.771971908 130000000
1789201160.874864670 136000000
1789201160.978602093 140000000
1789201161.081822175 130000000
1789201161.184860467 142000000
1789201161.287700349 140000000
1789201161.390970811 121000000
1789201161.493994953 136000000
1789201161.597158995 138000000
1789201161.701155538 147000000
1789201161.804854121 140000000
1789201161.909365475 136000000
1789201162.012600767 132000000
1789201162.115949280 139000000
1789201162.219074092 132000000
1789201162.322265004 134000000
1789201162.425778307 135000000
