1789198849.329561261 60000000
1789198849.433725574 152000000
1789198849.537692696 211000000
1789198849.641358708 234000000
1789198849.745360091 219000000
1789198849.849455024 210000000
1789198849.953655836 209000000
1789198850.057661509 209000000
1789198850.161067420 199000000
1789198850.264408552 213000000
1789198850.369399356 210000000
1789198850.472893598 208000000
1789198850.576075899 210000000
1789198850.679498061 223000000
1789198850.783515583 209000000
1789198850.887085815 211000000
1789198850.990687577 236000000
1789198851.094811390 187000000
1789198851.198176281 138000000
1789198851.301226502 131000000
1789198851.404411754 140000000
1789198851.507660915 134000000
1789198851.611374527 136000000
1789198851.715018709 140000000
1789198851.818612291 133000000
1789198851.922203403 142000000
1789198852.025608515 138000000
1789198852.129587647 140000000
1789198852.233281889 141000000
1789198852.336504421 130000000
1789198852.440565163 140000000
1789198852.544606056 139000000
1789198852.648758948 136000000
1789198852.752879991 135000000
1789198852.856610233 134000000
1789198852.960932266 141000000
1789198853.064354558 133000000
1789198853.168601410 132000000
1789198853.272663173 136000000
1789198853.376408795 142000000
1789198853.480610938 131000000
1789198853.584411870 131000000
1789198853.689388734 121000000
1789198853.792462475 143000000
1789198853.895511326 135000000
1789198853.998959418 138000000
1789198854.102553570 137000000
1789198854.206691152 137000000
1789198854.310928555 133000000
1789198854.414519747 136000000
1789198854.518661880 140000000
1789198854.622966503 135000000
1789198854.726599085 142000000
1789198854.830762797 135000000
1789198854.934840030 138000000
1789198855.038696592 145000000
1789198855.142834955 132000000
1789198855.246848847 136000000
1789198855.350984110 139000000
1789198855.454651402 141000000
1789198855.558631434 133000000
1789198855.663460078 139000000
1789198855.768083901 138000000
1789198855.871673523 138000000
1789198855.976457867 130000000
1789198856.080806360 142000000
1789198856.184509402 139000000
1789198856.287691443 156000000
1789198856.391510645 138000000
1789198856.494802827 136000000
1789198856.598516429 133000000
1789198856.701719840 154000000
1789198856.805456132 137000000
1789198856.908720554 135000000
1789198857.012750806 134000000
1789198857.117116089 140000000
1789198857.220881721 132000000
1789198857.324597313 137000000
1789198857.427681474 150000000
1789198857.531846487 132000000
1789198857.635985040 135000000
1789198857.739691852 134000000
1789198857.843858605 138000000
1789198857.947933517 138000000
1789198858.052297460 135000000
1789198858.155994472 137000000
1789198858.259863224 134000000
1789198858.363472896 130000000
1789198858.467144598 138000000
1789198858.570770690 142000000
1789198858.674939633 140000000
1789198858.778737305 137000000
1789198858.881799796 140000000
1789198858.985929759 135000000
1789198859.089923521 137000000
1789198859.193818164 138000000
1789198859.298271827 142000000
1789198859.401983749 134000000
1789198859.505726791 137000000
1789198859.608876462 116000000
